Geometry: ellipse
center: (0.0488037412265393, 0.1777809734888709)
a: 1
b: 1
angle: 0
Phase: 0
Breakdown: ((0, 0, 1),)
Position: (0.0488037412265393, 0.1777809734888709)
