lc = 0.01; 
Lx1 = 0.25; 
Lx2 = 0.5; 
Lx3 = 0.25; 
Ly1 = 0.25; 
Ly2 = 0.5; 
Ly3 = 0.25; 
theta = 0.7853981633974483; 
alpha = 0.7853981633974483; 
LxE = 0.2; 
LyE = 0.1; 
Nx1 = 26; 
Nx2 = 51; 
Nx3 = 26; 
Ny1 = 26; 
Ny2 = 51; 
Ny3 = 26; 
x0 = 0.7; 
y0 = 0.7; 
x1 = 0.3; 
y1 = 0.3; 
